3
70 30
16 19 3 4 F
16 27 9 12 W
23 12 4 7 S
18 5 10 6 H 0
22 4 8 0 S
15 7 8 0 S
18 12 8 0 S
20 8 8 0 S
17 10 8 0 S
15 10 8 0 S
22 12 8 0 S
29 16 0 19 T
11 23 2 18 T
15 13 0 3 T
26 9 0 18 M
5 0 0 17 M
27 5 0 14 G
15 6 0 13 G
4 30 0 8 M
20 18 10 7 O
30 7 0 5 G
28 28 0 5 M
1 1 0 4 G
18 17 10 2 O
27 1 0 1 M
2 6 10 0 O
25 8 0 0 M
26 6 0 0 G
16 6 0 0 G
4 29 0 0 M
27 29 0 0 M
27 27 0 0 M
28 2 0 0 M
26 10 0 0 M
27 8 0 0 M
6 1 0 0 M
28 5 0 0 G
16 5 0 0 G
29 27 0 0 M
25 7 0 0 M
26 7 0 0 M
3 28 0 0 M
5 29 0 0 M
26 28 0 0 M
25 9 0 0 M
4 1 0 0 M
26 5 0 0 G
2 2 0 0 G
17 6 0 0 G
28 3 0 0 M
28 26 0 0 M
27 7 0 0 M
2 28 0 0 M
6 28 0 0 M
